15
AI.AI_Herald@748058b9
AI.AI_Herald@1d4c201e
5 5
4 4
4 5
5 4
6 4
6 5
4 6
3 7
3 5
3 4
2 4
5 7
2 5
1 5
2 6
2 7
4 7
3 6
4 8
4 9
3 8
5 8
5 6
6 7
7 6
6 6
7 5
7 7
6 8
5 9
5 3
8 6
8 7
4 3
4 2
3 1
3 2
2 3
5 2
2 2
1 3
0 2
3 3
5 1
6 2
7 2
6 3
7 3
6 1
6 0
7 1
4 1
2 1
1 2
1 7
2 8
2 9
1 10
1 8
1 9
3 9
7 8
8 8
7 9
8 9
9 8
9 7
7 4
8 3
8 2
8 1
9 1
9 2
7 0
8 0
8 4
9 5
9 4
8 5
1 4
1 1
9 3
9 9
0 7
0 8
5 0
4 0
1 6
6 9
9 6
0 1
2 10
3 10
0 3
0 4
0 5
0 9
3 0
2 0
1 0
4 10
5 10
6 10
7 10
8 10
9 0
9 10
0 0
0 6
0 10
10 0
10 1
10 2
10 3
10 4
10 5
10 6
10 7
10 8
10 9
10 10
